3
2000
33835 39224 65098 158489
182819 198418 21328 704889
257359 101843 79477 699115
339352 278129 35251 1296310
321490 104429 378643 1013782
231709 119668 40657 678632
405743 214 305280 911773
408755 595201 529556 1942883
490845 581604 583224 2183499
447063 927446 997776 2298119
896771 551309 859396 2851053
955875 1144026 947121 3667995
604968 180132 363130 1672395
913020 1298755 782427 4411098
816089 382288 1120730 2793033
129949 1012630 1138224 1763475
50786 1245427 819326 1930092
1125324 818566 750969 3528224
1607369 308736 20365 4148434
1417852 775125 1024033 4970289
946382 788771 979315 3440809
230288 645773 1913919 1767896
1778419 1808924 2034412 6501004
2027779 2021431 2297405 7482506
1287710 1494659 1883528 4902428
595002 2095343 1360565 4379052
230311 452920 1074492 1447193
2287754 1780528 1781875 7563686
2001931 260355 90443 4661321
1675942 1491340 1562863 6107189
1076719 2441251 1718041 5678082
1426146 591916 2890999 4144113
2774554 2222329 1442622 8954746
1153184 2045506 2800788 6647053
3120656 607795 920620 7581287
3101375 2579993 430263 10881164
217565 624282 2835840 1881650
1897405 716093 151337 5819880
555798 2541600 1752413 5025525
1248006 286019 2783721 3764797
445740 2681420 433506 5067361
3736859 1201635 1283357 10618642
3459575 3182302 3601121 13965728
2006409 3412359 1927572 9610975
4428314 2795698 1768563 15858688
1191523 2424342 3300411 6486036
1945224 3243847 4283409 8775342
3103174 4233698 3312848 12636502
383216 2576688 1975045 5215763
2341578 4057799 4073839 11511415
3839995 3421195 2807122 15582959
3649471 429908 4059406 10016297
2481036 1222786 3491488 8384343
2397447 2653675 3308226 10187583
3456683 534690 4626442 9125021
3724549 3295260 1503412 13948321
4625928 4817427 4378381 18894189
2138542 3322112 3981452 10718677
3025688 3566793 3332172 12503471
311542 1678665 2940505 3221820
2180620 2795001 4191835 9878944
3787939 2720488 5001511 14291053
3454786 1045862 5419346 11420968
552793 4009635 5806823 8596043
3702736 1731168 2655674 12439347
5890138 3905245 4122299 18698884
2783792 5731660 3774343 16444300
2891864 5964641 5140088 13980771
5959609 4112236 3974125 19719905
1359125 6401461 6360537 13820519
4001313 5357287 5123692 18372170
6269435 128580 3562932 13596410
6988764 2338316 3827287 20686868
6663901 7044864 6156040 22781551
2290770 3782224 5886767 12314292
4340264 6004 4230641 10982337
2571279 1314925 1891587 8783927
5318678 5550966 6317506 23413472
2172885 11166 7674546 7049391
1678416 5936828 7185535 12541942
2585188 3587724 6327397 12055888
5044924 3966011 3196006 19506366
6211809 6133343 2576623 22099392
5737920 3271193 7160131 17491346
2306137 5075091 4575991 14013095
372446 1554418 5928386 4616701
2852089 2537008 7478673 10047693
6736075 3158166 6871311 20781463
3422459 2253203 308057 11810995
6046698 6277417 7992741 21192346
4453655 4053792 5452543 17883423
2426563 5902973 247665 12153445
5631872 748324 5265921 14313809
3809509 7417554 2518173 18284241
4692023 4487593 4761162 18790921
1529572 8447454 6432196 15743370
1586973 790977 2941689 5892069
4120396 9503760 2990994 20453315
1590886 482706 2720466 4289628
2386118 7128418 5802587 17223106
2156734 7786699 3133491 14636328
9985683 9491664 3199596 40554614
54295 3285873 2960504 4747133
7403741 9268589 2851198 28975955
971166 7858061 10422010 14527662
5062584 10353854 1460137 26394892
2565619 6456943 1727935 15470231
3460779 7154841 767006 17745976
7516354 1812633 5109491 19505198
2605453 10834745 4365261 22100938
1520448 2782818 6072095 8641975
4836390 10358391 561648 26020761
4847051 6691594 4163406 21450005
6021384 4324779 8898027 20990150
2960662 1549398 6556816 9255059
7233526 7551655 3581773 30111027
4284001 8953674 6506977 25033893
4002350 7408602 10553228 22275863
476823 3526185 5440189 7399364
3062034 976440 249889 8341637
10863201 9049097 3398733 35386629
4601065 9241947 1908305 21205801
3146097 2818249 10264468 11928515
6549076 2318175 9875880 20770511
7304276 12138239 3143293 31481946
10217761 4911880 3086028 34038153
10472873 3940240 2598278 26265156
6844063 11540847 10781400 31879895
7565155 8709670 1775563 31455803
3265068 10335108 7751133 20772577
6499301 11467136 1273345 31101570
10485273 8237356 5579311 36297140
2850244 3252275 13260534 14234150
6278177 6249042 6083117 21342619
12052892 5916407 5357912 33713476
10595357 6649955 1650365 30738640
1239272 12836134 1750866 19255504
4837481 9850289 13367361 26806687
5798409 7716289 4809036 22149656
12972916 12715470 5659320 52556564
6004005 7156867 11944448 26550657
8470882 11035274 12046771 40293602
7461204 11914857 10345962 38650588
9247326 12689992 14152665 39101923
13180018 3298101 10084124 34787297
9502941 13997672 876143 41094742
12389212 8584580 10286742 44664124
11664021 8507718 7080155 44446221
10560700 11866783 8441767 44789175
5618076 4137336 1221409 18424431
10520773 9377042 13090313 38312183
2467395 10228644 13482328 20191156
1380694 9955989 4028891 16369804
14704977 2035416 3145983 35580316
6825485 10882526 14646191 29611116
7248528 15529779 5386212 43126811
2255953 2589952 15375988 10865615
8749438 8050347 6126366 32359778
3085259 1849149 10554000 10305422
4024925 14194583 11151393 31219112
2047596 4005968 3322783 9392311
3142790 2889405 2639222 12057165
6982771 14916216 5234993 33116943
6219437 14355305 5908633 36789077
15216757 13827883 9361582 59733187
6373121 7110505 1462093 23650832
15264510 4816512 8617779 44906146
7305575 1642920 16733235 20385135
1737617 13185850 1275912 21338940
16666472 13908943 4329957 63877139
9145582 10002187 9540425 40559558
11286386 17199340 8195334 49852692
2035792 10637023 5516642 21619624
13745194 7743752 5989801 45847793
8123489 8348949 911134 31350868
14774092 14106598 11529306 61061608
1519287 13241911 1257753 21301558
7270661 4158382 13095406 26810613
3668049 13793231 2869667 28037425
13237667 4187686 7864479 40554959
12769181 9451044 14973974 49120857
14537514 13550367 2984538 46270889
18154644 6557038 691726 55951553
7985550 733729 11959333 20722590
14357246 12556656 14182446 55760760
1986635 44688 7980705 6349189
1108008 15315142 17678458 27308521
4450677 14312204 4081385 28075773
15757683 13564079 12090618 62711838
4104036 16025504 12461709 37231850
5123707 3059333 10273278 16446274
9945017 5210859 2474936 29241111
7720159 12537515 1592548 35010249
10472841 5480947 11737140 31463324
11734525 4014397 16148205 35887016
1450807 11672054 14058869 21513255
6771332 12674891 16855813 39576764
10945564 7915665 10577028 42563505
388938 2560516 6501889 5664858
9215666 9872179 14596696 41705537
17212064 1366480 10241203 48562806
11303860 4985803 2233825 31649553
3608851 12716780 17411520 27633335
16718774 6400867 14381026 47207121
11077496 8791971 19997392 37610002
4172937 5611108 17999910 21658305
10593803 5040489 11380804 33387797
14375320 12794666 3074656 55261600
2327167 14610681 12172770 29535213
4357820 16118842 15742807 35847359
3838820 7096942 10626200 22921587
6746379 1279864 150456 18340953
4532393 11599591 21286626 29716879
18568654 17774198 2460299 68762363
8233093 3954399 13643601 28910533
20221436 1679167 20572257 48284125
18328058 20493899 13101872 79968134
16702232 7651903 19897621 52160006
11306690 16258894 4197641 49686831
12140714 17436899 20958912 51546234
19996031 15584777 17141491 78742981
5246935 11403690 7068937 25884221
16192473 12143603 10075829 61322619
15924525 16317421 14673718 67598166
7747382 8329012 13890894 31887622
1378274 7276336 10325268 16141892
6770411 5527439 2049687 22822574
17176800 17731456 1481404 58509395
9970590 525230 13728386 23327917
20912219 14734951 15411069 75674616
9761478 6957573 16785080 35482285
1330012 21845010 614846 29951915
15212935 11311383 14725910 49201144
283506 6046194 19551643 11683814
19238332 7550552 3443930 55140514
18198664 8025568 93725 56737254
15862244 9738183 1462279 47133302
13716103 11176124 5613579 49942602
17319938 12586732 16719497 60381991
12808531 23780260 15937290 58070644
23196206 18573186 2291054 84329928
10553029 16357356 11580394 45601803
18217356 21412677 9047424 68041942
16668855 20940686 18513426 65651639
13166415 5790190 3605294 43575018
10912713 12480220 23785578 45930071
2197848 8806237 934718 18218310
11254659 16649072 20066224 50189463
6484350 23798665 15341323 52682687
2439075 24062602 10545221 36737982
15134520 21158983 9548865 65462261
16666396 300474 2264216 40738613
7776469 5667862 14763739 31377201
23112520 1753161 24232413 65025418
6608668 5230688 25409266 29703951
9634087 4395685 10611483 31965420
5775602 14100337 24173824 36595780
289039 14522611 4835606 22275278
11332020 25430542 4423180 62650544
2233172 7259554 5763816 14125358
2715847 15909530 11483565 32799973
12934586 2297745 24443123 35563277
15756067 6079786 21808361 45633635
22279228 5179395 12192117 58176956
9798128 16256126 4597452 43697131
26421946 10992904 24295997 73683665
21835667 510453 4444577 57961407
24368761 18318177 21035233 89765216
18293636 14597854 26244265 63858775
257251 4693561 1051336 6661558
18314103 1454915 12196192 46404502
10133262 9157187 14384399 37396588
12052312 21807437 6901009 59582436
12703357 17146725 20098404 60964407
596792 26480899 13748017 41460877
7473694 21822837 241487 50041055
12083576 20513363 20451214 54951764
27667256 25712835 22569590 93420625
2580835 20026681 9596598 30316849
19342623 19452325 16993255 83082581
1776484 17318170 18919761 31186127
14018712 11933853 11488463 51176993
14107574 19791143 15539133 64505337
10241161 27152823 4643761 53530696
19726502 11148940 26026441 59410512
11107309 13872216 12897107 51792042
16405379 26133366 20902216 79515574
6597918 21708874 4847151 45535829
18236082 27994670 13300427 73327575
3645108 9375363 5804907 23039013
16789815 24236465 21052580 75897773
15597150 23992709 7383003 72111066
6056228 8985236 26997841 34141969
13322079 10420499 9400991 50214414
8488403 12590337 28432042 37270030
25423284 14832147 14316401 87890946
13636250 27566609 11664616 74415491
26521521 17094310 372498 94375763
12657150 23248029 14958825 62616590
20289022 1890776 28684953 49017213
28548867 9827029 8086827 85297655
28902636 13562285 21170876 85933581
13656048 26810384 6537447 72519609
26814186 24315108 5754915 85975211
5357881 23328815 14570692 43271478
19617460 25582364 23268384 81124906
7650699 2993693 21819377 26127294
25122528 11903379 25288617 68935199
3595584 30000511 19894415 57165105
18529325 12717578 24846999 64927238
4307302 21534997 11356620 45026178
8423650 350703 3265393 21154276
11517092 7044033 21074079 37232474
18600056 3802373 161898 42059382
24248142 3089759 2390450 67014273
31247262 24525246 22298171 112046949
12998797 10911528 8485749 51199850
21613073 5217320 221723 54476557
12134800 8376582 5417451 35357490
4896935 27730127 9587948 45737864
15348131 1906622 27686004 42090502
19999599 31326867 26827794 97869398
29446253 21523651 32075068 90697540
11490551 32105717 15258306 68201937
17891804 9364740 15973061 62767913
1335147 23834865 12614484 37406043
16019065 15671611 22088855 57300642
18354638 19327034 13512172 62709103
31209736 26367195 2530684 109228478
27073500 29812503 32532917 110101168
25516850 11987539 18923601 86418744
18539774 10350918 30653013 56903384
1681852 26143729 21497076 42465717
7685332 9553391 15020191 33319187
21696188 13844717 29380530 68056013
13624244 8967677 7212636 42772445
20814921 26818192 32700932 89726376
10168700 2610440 8096317 29939788
27836200 25722896 31182749 116578426
11773142 18311879 227802 50772538
8016649 20852045 4706842 52456208
31898559 15969245 5031047 99116962
25198946 9883717 21591152 70797775
25220109 16286998 14907827 76632019
12584195 16440389 18712228 51156002
8382513 8512656 1222795 31814603
12887853 1176000 23592949 31705373
14938887 8258580 8535358 47288653
17874302 8415182 28038012 58660745
22689968 32731226 4531823 105658687
14571352 24425577 28405012 77890515
7071880 4970638 28642524 29377433
222235 31610354 3955198 45335534
6921902 33034207 12709890 58533291
9738909 28764358 28934235 64850144
21282908 8439942 15504635 65630668
31876706 35643499 17889549 131811930
22088404 6615814 8968554 55247282
16856647 2253317 26037084 49824925
29601351 24582905 15793617 98494612
15917981 18068829 19546555 60243954
22961203 31431412 31528301 109495238
32089734 8954087 23420526 89134936
3124846 13729753 21433392 30322614
27826355 16856076 35198880 98287519
36468355 22038327 11790693 117941998
13858734 13403850 28626535 52760279
35147763 13380658 10899352 108251173
1668174 6050051 26178463 18821324
27998277 24855983 10575745 102187474
9797106 14048216 4942350 38673795
6882602 18758530 4604158 44878558
33566607 4365505 33515482 90510561
10780327 29000017 4466677 69601892
5677037 3586760 14278674 19121478
20341539 34713146 3612020 84973224
12024336 17372024 8866342 53697493
20309102 29845097 104262 76817286
24470799 26885935 15958014 90851150
4145283 27331319 11723647 50312537
28565375 9923620 12572904 73032649
579654 2071108 24272950 8617033
16014811 18314013 3855332 54632795
22826447 17207775 12974087 71109364
30063178 7587709 17395113 82496053
1100805 26147396 38020942 40538605
5243606 1952777 23833206 19015675
4194601 33931439 36985594 56429207
36622256 5928169 7959235 96614571
25253749 14009769 22856419 75090792
29460877 36540617 3513686 121332445
36930218 19341816 24617755 123987117
4480455 7397165 24763878 22387141
35963132 9284926 35062103 113381034
26614800 24201744 32629030 98544712
32974689 12710151 13957041 90839287
2399108 16690417 9385997 27644272
31047791 9617020 6570342 77321878
10544809 31916203 29393515 68048009
8483586 18200052 9887965 51023278
22508248 11520622 18129042 75896914
12218348 19851021 18040901 60627291
9767030 13985358 18038493 42084828
38310377 36562275 19288059 151554829
27074049 28863687 255485 111292056
22688843 7827587 1983658 64762009
17165542 11747561 23552902 55188737
2987772 7818352 39488831 23343410
23355700 27132494 30045860 101066773
32769585 22344117 3968377 108643456
13256659 21998665 28771409 71718442
41173886 8887740 17244902 116849624
23718906 24832847 12826544 91783943
14808423 8436680 26963758 52373153
5993432 29472099 19252362 58271021
30130409 37313202 5053520 110035300
28873170 13756329 16808441 92456410
32647619 30537506 35647944 121268217
25277532 26433162 17287762 92725398
21999972 3439075 3266606 56845761
14900094 30964721 31978775 82968449
29763498 24262722 26532681 95046341
5545742 39542248 40687417 76151008
26849894 9397152 38837566 86560491
30639836 39220693 30388168 127276122
41256090 3185028 19143306 93096439
40098192 14941672 2579489 111805346
17849502 13654828 4745015 61519347
5202943 10519447 26875191 28216134
19855920 41946002 27296763 95206531
19135578 4720801 1069602 52614824
22748193 27880219 135621 99278093
4074736 31575995 31770578 54831273
9515156 42062702 30919825 81765846
24272521 514155 2200710 54995621
23821466 31678939 5228257 92422757
23979442 17222772 41323298 86100471
10750300 32983282 14249714 77281263
14994250 27387193 39455914 69733873
27652064 4357213 13021640 75851461
23671241 42572253 2290656 116185607
25703588 4746287 8459311 61957551
23023828 5764447 11446398 63233387
27313440 14866031 4247648 79693133
6119445 21499282 38334625 55608074
4890325 21998323 27349132 46599185
16167073 14554711 12726697 61304328
6722737 37481009 1612509 61777853
42954969 13697788 34366588 121016961
26799298 30124791 1748265 110434475
19102376 11427950 36679470 72138774
12530458 40772658 4968038 83368774
33445298 166569 10282683 71514160
21313500 37648365 7866461 108842303
29782616 44898651 34111958 129145658
1314016 25421753 5055113 35009029
26965135 30078861 31831935 116478097
38718307 34649913 6439548 143907356
16816334 2570253 6206338 41387685
23042356 30434473 11861593 107381704
14829909 1890337 20859364 43989866
12864339 23166534 9110382 67786844
26195377 895406 17966132 70793000
42578831 36112012 28836831 152953561
18459341 9240255 40366255 59090814
35452153 3521417 23087493 81756243
7036181 31706685 10300884 61002337
8589527 14929346 39805014 42012441
46838254 43500442 28329781 185108706
21405988 31340188 18723640 94356417
22101898 20772493 34491275 93451158
20024216 21477845 33019475 78186079
33441802 30426776 10724159 133463391
31703729 41408454 40056449 131560394
35272537 15232817 8476872 110267815
737127 14226412 40800198 30263944
13892325 6967881 35885539 53635437
26830287 21925208 12753314 103124046
40730323 4369522 43808698 105155671
28814731 41055837 27596672 116422824
5515005 37485709 29662800 60305100
4621572 5906812 26702773 21720482
47327440 3765894 808804 102899969
28777714 11721062 28918325 93566034
31659508 23442700 27696449 112164776
35266268 38696214 27894517 127560265
31103381 4710092 3779039 71402839
33224328 33196042 43574670 120270041
30554814 11910205 167809 86710986
15632570 46732110 36230247 97769766
26019049 1797208 33301206 77387890
38882325 37055870 33667401 139327242
11764404 21352858 9160679 54173607
40687092 21932730 6307542 122485101
39174828 29084634 1770775 134892592
3636634 21650889 13976596 37342751
2409006 27343600 47077661 49790187
8373124 17048927 32418944 43002758
4879799 30555400 16306364 59067341
17899991 19827449 10783221 78390962
46424084 42564014 13653336 171518416
45315425 16141279 39008439 146824561
6339298 33344190 9377161 56276670
30093696 2950007 8570138 69638041
32719248 18644685 16506480 108344459
3918742 2135866 15227522 14054753
44827984 7180715 44790477 133000725
40805690 47979261 11043774 140901524
29906790 43300261 20673498 126064048
43827247 3213423 34033032 113411535
20615622 31005128 34281621 86037228
49793145 39960997 43718676 194028404
1666512 2813898 16065284 9946704
19912066 39586561 17668957 107001392
15112774 37210180 41848273 99304967
25596736 45080351 17307097 109717923
31314059 50225792 34089669 160398587
18954104 42819728 38574372 114977612
34303556 18364790 40771566 107622259
29133807 13436143 42355845 99976761
15839919 22080465 30881665 64941930
46789340 33446617 10759724 141952548
46632685 15973727 8266037 136945139
1837604 5890022 40772546 21844676
34086296 29787508 23683681 131367822
2483790 18639682 26893633 34168355
41913971 10828087 33900654 119762370
18509753 49745049 15083533 103559296
23929033 41450471 44517905 105658477
35105317 45086488 24742403 138903372
32627468 1801251 44033098 77343117
45853200 2008452 27065527 102941673
36831781 24918561 34393033 133360163
48459477 15027537 1604435 135270045
21172458 42545025 4499486 114451072
10852772 37393223 3793323 83315209
39588 11315876 24087538 19744799
2956600 33010298 26181724 58876952
12143449 45040611 7401737 95471629
6770559 39013241 37145644 70302795
15079114 47502829 48651664 116238064
377273 37714098 9730618 50503299
44896393 16559166 45434740 122648338
18123303 36926607 33211368 98530855
49132646 4324462 26670336 135436837
3103427 18800588 15734056 31955945
1272297 14386553 31795545 31617368
43608985 23681900 20038301 136006991
3053097 29400343 14429165 50367544
21382221 52144444 8737437 128170595
30945421 51267039 51216741 134957148
3149789 24822017 16566703 46783961
37687200 46410719 52525745 139830237
45189883 5199015 37990332 114055145
44463243 32420592 49066213 170449300
1618635 20700282 23589730 39854866
29574049 6133634 1468428 67209405
14262737 39651590 13536214 84837203
42745388 33388472 19655474 150399450
43416473 19963551 3183000 120515689
46986213 2487671 11204751 113442878
25062559 13122975 37392404 89875025
3008713 6961815 15698754 19017006
44067519 38656938 43445461 159918841
5680572 48535035 46321731 82380821
22443486 16266080 44462409 79841499
7085707 52547875 54665026 106369716
12199629 8504917 7793750 39735910
27426095 35899639 40760184 114493924
4587643 22218174 822846 35677584
24803430 48728630 2565173 110436259
38476971 39923423 44452232 136367351
18175732 30354904 55085271 100717317
49576687 9961530 27427140 147516087
53990160 25966446 38016470 145870890
52852237 49317700 11780898 186001509
13749610 25735934 3355467 63119858
9966451 36347127 11668184 72587995
26976924 13511448 17026571 76002656
5905521 24220530 56683331 60330227
23896710 29830791 3232116 105158581
52331871 50336095 49442140 185439858
25861139 4765337 45539192 71487039
57237093 52625574 37736899 185496752
22602237 1505505 5171791 58703049
2749396 52213605 29755577 83294768
29099497 17756303 383681 83498027
35881236 16470474 287382 102269533
3607850 14617556 49643610 33928286
6584058 54129879 1518141 98696648
23597331 48479733 45370644 124176457
2508348 28424442 8350220 40251257
15311947 36972500 26613736 94686770
41748393 40123011 23962919 154590052
53861619 1159413 18875846 135901828
29582476 8734994 46960558 79264982
24717185 52078398 17739208 123983113
54000393 15378287 43736713 144315205
55284825 43683885 4854541 204261196
31641497 10888523 28614286 83097809
53092436 29352788 17013326 145688516
52047700 58678696 10902393 190386332
34226765 51472678 3128440 139492358
41067104 33239413 59842249 139974491
21516364 7736839 59004751 76927439
8825196 44801307 33095523 82569433
34661676 8827072 21787498 89065724
7911802 52162366 37559845 84635974
53869788 23971406 12832525 175999445
17313202 28014215 50877452 77542584
33957687 38220108 31348711 132670702
49950115 11882625 43234146 154901847
1944051 31489651 37719181 56810218
6663467 58828734 25127042 87296819
41355884 8980506 50914099 125914726
34321143 46138809 1310790 135025168
38432569 25580942 33964160 142372178
18000124 56361520 11513246 126645352
6216124 37025200 31970080 69213292
40929723 43233015 24742781 152817317
38372732 42780698 61179683 158223300
39462822 19061329 23290689 112176032
56796836 16495168 60070406 149509327
32173319 53222882 12863408 154007019
37105375 59840866 49631300 173200191
37459191 57155082 17060480 185615895
50035949 51249242 42444863 206804237
42761873 37210329 6045488 133339335
21418978 7935739 61725281 66798512
35693866 17967920 38738405 114143663
10200163 28870591 25575908 70246958
60197781 34681624 35989066 208364321
4545801 2357782 20885054 18695732
22141220 49071964 61372713 117341198
4369751 44640563 59985442 78626292
58883192 36453475 52879824 213836502
47577134 958156 62258858 110322795
27129011 4018433 43253675 70363848
36226048 20334571 7073900 109710908
34821807 29979863 29060340 113412729
464854 51686641 26700818 77575036
27100145 46407825 55757093 142885282
55608865 57194714 25153856 196433619
8682380 63774254 21656402 123029094
14576462 26785622 27267618 74742199
21619711 18452866 63963977 89060909
56710966 35233821 50020310 171919764
28191099 40101923 30200576 119925418
11070811 21592864 26372955 66765221
63794495 21988860 27298530 159439395
40876829 20625592 15999861 132552193
6820034 39097045 64095179 76136590
50861696 43107704 45141982 168870337
13072162 8886202 40026680 48770253
1772862 42835559 31420955 70531519
14938841 49459263 2756895 90188777
36036496 41275423 14407908 132551550
18387289 15419674 19657306 72360616
32796275 37647497 11947384 130338151
19996918 36884412 64485172 113424521
2597060 644409 11892937 9001297
8821423 42549254 16088369 83362086
64689771 62940039 41317236 238017375
14703178 66184066 17696627 140686227
65790016 61650856 4415766 207966283
47144387 66267107 2740124 213256633
51329274 31768126 56729458 156816381
48970662 45048655 53367619 176154973
36393706 37085663 43967795 156440546
8803973 16165452 31917610 46747506
52551866 49304013 4220272 180541123
60593135 47808753 63127192 213016727
6628915 14398211 28500251 38602290
6731264 24179987 62244593 61394107
40691105 62992509 45371562 191356474
3220901 60749308 60642573 93258924
17160600 24891731 58364417 83845639
128717 39463564 20611160 52841895
64286954 53075133 36393479 248927120
46202979 42531443 60739408 185337168
26157787 164933 17347148 65348680
19208235 44544812 6277151 105642559
66837461 837883 59223418 161671721
62462857 5276549 43098934 168895153
22078843 62354573 24143858 135206793
37046410 40526358 59773604 151261415
67559407 3037296 21883567 159492972
60575011 13867345 38574249 179084782
44949299 25033690 33511175 141835762
60324102 33077391 65044425 196868922
62725103 20259498 51439215 195259659
43209348 65420580 31767915 177435476
8299417 47320134 41841450 92075873
66317555 53975198 33470438 227714295
18242519 43466916 9499996 106748181
68510805 18086095 55113025 177691515
45528678 14150137 50901291 126738505
24108253 45150404 52418031 116853017
62145938 31887359 16606276 174137053
67781244 26326911 27299959 198449222
35064396 9071574 25076336 95082343
38578685 55990579 59954578 183259847
6264318 69800137 23042852 121230326
8030874 59835022 64891015 101186973
68781623 55811613 18164434 234443364
21961192 25256908 38972807 83419777
43634550 8673918 48822162 132730910
23966353 62037614 47165076 146891601
22951564 56073443 15659425 129227321
45507135 18368606 44166326 150784630
2626806 31610997 17879179 49458803
55182782 26548356 6234529 144235984
13785649 38616774 15867708 83440900
6243504 45809777 19298484 81593601
67249154 67652689 63920207 279554461
7126755 23918487 50876622 63238324
16242490 50776777 36799790 122714612
53384217 56213393 6806750 219423694
38198636 59300505 68367726 171162333
60797685 68642370 57321409 224951972
18764881 2576175 9778995 43897023
35563260 2877081 7184804 83800159
5025993 68907811 26843503 102867898
14554558 1172180 23038530 42870649
46514039 5485151 26609514 117608683
72056853 22865422 18784523 219271077
49581227 35596673 4632149 152625889
58995324 4496469 53964963 157830938
11368281 22283778 42846015 59480717
65561865 39453409 9680061 220549284
2507180 9754538 66867306 33738094
3076110 59637231 7215961 83491545
5053308 10581650 5506955 27339126
60297624 50065819 2436186 225094729
26948325 38465484 72282649 135228062
19237435 28420202 64121350 92391177
57571304 26549398 16473820 175008881
39198335 56267108 17823089 157817156
29041961 20830681 27469901 110875874
43304627 55073063 12429395 166918037
44196013 27816792 51118462 164064019
65963280 29956585 57519844 196054305
41858983 15132792 20086037 121780155
46529614 71006227 52520387 224954717
7701006 71792098 71900721 141408696
1932011 29123495 15448684 48714316
14161434 6598973 50851878 55821908
53941285 51530913 6872174 210590944
50188308 63157389 65278526 222944170
19151676 56316752 2582323 120869559
70144003 53917163 23484243 263331092
11971613 38069194 68019801 83847804
41584581 49994505 36572657 153720173
17003723 64783966 7466468 127438818
12226690 36160378 11903869 83234335
66724721 30210686 5851458 171359040
8672043 67296327 74728364 138946588
61357136 4234477 42299741 145278824
49865788 9773650 18061268 126245283
14256070 8770590 6282918 50547635
50621329 5418075 71016008 121520954
17815380 21981075 69013181 88680179
15250401 15778342 2422715 58232884
69428990 56603763 31752647 222220018
30893455 1823307 35112946 78051787
72424279 20815088 41791521 214878252
39151660 45248507 5658563 135943715
45515684 4729503 67579792 128470046
75578084 29679298 69508824 232586928
55207990 51369538 31878420 184639405
4091845 53413971 17876058 76777520
12309960 14521740 13427213 52593836
14035302 6356510 28076456 51725960
37900257 60525045 11907852 156177266
15900590 62944849 12338850 125518653
42918821 73919327 21511765 191123796
15108049 13786822 51750519 70486645
35438145 22413166 26403815 111998363
22525358 9072159 32915391 66811815
68600133 44811099 10803992 215036932
2472433 48835205 21756192 73207835
68585447 35971859 19690578 225119759
75763382 60999236 63098388 266425000
41813558 7550409 12859467 102924650
41893093 32339543 49729985 135060135
11452916 34007753 55455630 73453792
39482243 59558637 22837532 190204496
64051912 6953820 523899 143755977
39350797 46873284 30374900 147061337
45682571 77319932 33607528 188902041
29496293 56369200 16527658 145872260
41420173 9738632 12354261 97956602
33609479 57985600 7092144 160471436
35863196 24239887 37670826 128654035
61066095 46347979 6294540 208786781
5329301 41353943 65998083 83319100
28589882 16973754 64731553 105151933
61944268 29542351 18560282 165463031
34188077 23131709 48620509 133144812
42072063 68559931 52973112 196323789
29917016 78542343 12802948 182128406
24615484 17481703 34176527 86711081
28741577 7662526 30352068 78248798
18248050 60910043 56489529 124021018
11208596 11504143 19190564 43857805
23619076 67308605 57065375 157043986
72960485 8592578 56531717 178178257
24205096 35490760 16356905 94219836
9871671 79877201 3012803 117683877
37762099 2021585 23382963 87491032
55996636 33762271 12596148 170039456
58464229 43673667 57818085 204002542
72374600 71932872 60069428 299793560
62395885 65308244 9608936 237457829
75042190 32306797 24283008 230540549
28095419 57034470 79552192 173634682
2861605 48149521 37118443 78607514
25129843 66030779 9649815 162227958
44478138 51645653 3788428 163959533
35211240 35993686 10088932 140038074
16777048 35526527 72624815 97832759
6346801 19610485 79374777 62823406
64016153 81809819 19917490 263251659
11745681 63933655 55476387 122139185
61866644 75313321 33623232 235343122
72887081 66665972 76626023 246233279
42100963 31161310 73469830 135310346
46285272 10746608 68244496 146263283
40422789 14708108 7537095 103200898
2068465 17259736 20345899 32844635
3240431 45859765 46802549 78953472
53919711 82568421 46106387 251120198
5941195 75080995 10895910 105796482
18409284 51107794 47463011 112271085
58930531 57430766 42412652 230467052
62479194 72452808 1639785 269004893
40156004 4976186 18093296 106455454
21421791 57107076 79379450 139951076
72542414 490587 74881161 168654520
2125622 81940583 63390637 120526724
9820597 7847945 26827769 35365841
74042994 49935252 72501376 227529882
61738747 6882045 63721118 159024008
36464880 20278707 14441179 108697231
2101262 82185014 34668506 119712899
37070166 50477668 68855117 157963796
50386503 24676149 10371659 165805466
54147363 2443816 72884627 127454372
60450911 55278161 51088279 223986584
63368219 49436119 82430981 246624721
74733410 76794234 67580343 305284678
39523965 14724887 16248646 109968099
7830045 35585568 18205716 76471434
59016069 14274096 29296956 180513513
49815230 26405262 27215923 164125126
24924689 64619746 61509840 138378753
3142141 54750724 22879137 92886498
7559290 69653244 3324514 123501378
49861051 78252979 54253753 258702985
83527066 14200134 75941399 247313600
3850671 34727528 77894080 69443790
22336125 38115662 3768661 94513310
23863810 12067639 75876014 77124038
61781601 80099951 44436121 233537957
44944901 47667266 20286762 185434122
74444135 8766807 5944471 195015565
11483194 10916922 78928942 49764893
41161403 68881438 55346994 208698534
14221697 52522195 8745638 112332263
38314616 10113600 81842258 122960050
48248133 44650811 82679255 208316551
27003191 53333932 6887494 126831007
85950512 7920352 24433231 232873638
21661999 25012513 4123578 93844575
56126075 79995060 82411958 279913525
21806887 40059912 32533855 108706097
36388725 66666352 52970466 197647679
66975411 51682241 28940260 247459326
26726195 45547955 6911727 109630633
11560943 47503005 40671408 96083302
4014546 17422800 44725638 37289969
42119592 79935721 29018648 210425146
20903787 29335068 87670030 110677975
83260633 33172654 63727256 251330309
41744662 29227047 44450257 137223266
36412342 24186112 69251236 127615074
23132955 51076676 11960220 126597806
11786463 64820127 66431430 115568913
66903801 29097948 6703906 208569089
76745695 12381506 23637889 211338122
47014862 63822538 73222734 197164384
38709908 74320555 43248719 198148557
87913419 35487332 46110347 232715814
80718012 14022967 35618837 210255451
7688652 58108723 41502625 114705901
58393655 32215679 11023372 160706343
43666703 87730854 14987028 231479374
9544175 88420669 7641630 149351173
28012303 47091165 41781599 135227936
85953529 61272026 28478858 299159170
9157036 73952929 53990186 132717627
1511053 55142759 28604241 86004989
63380537 64310642 27146743 257534365
13649325 80209153 17414851 128411525
9627174 42580430 19617752 92633400
77545470 63411672 2016497 282445814
48247030 38443865 24638140 179783381
40671681 7152688 60443668 121893578
21806256 58119835 71312221 127978629
88061804 41002558 42322047 269458329
79718056 42295361 39317548 257029518
18892229 38766821 50108294 99648948
31201905 89052519 34905694 173398502
45856476 44198525 63823025 177603805
44484794 58384839 17600343 198473955
16744186 45420974 89024239 130757190
9614531 66502864 26149251 109113902
76616438 22157390 51849613 227852938
4461463 27284724 9592892 42688096
69000562 33145293 54287369 212509326
40641094 72933901 24768893 218633887
21208907 37844596 69216701 122597767
26196492 49062562 28877577 129249116
57417210 88329684 9789919 248461604
88935467 63525128 77890184 311536670
21919521 79887027 36009807 156305025
39423878 47182951 17587624 158113229
51207867 21121057 54086874 169738168
6192600 81387250 83873812 156901841
30206066 57302367 66342459 150178149
51621960 42223725 59713942 200033638
49518393 49873479 5854904 190853362
14423700 2068461 30104262 40261545
24335020 29458711 24727229 103443825
28146775 72261042 55386170 153176773
90467400 77805922 92186039 366473216
41089550 58007017 89473760 178750600
67468060 68619126 13702595 264753323
38107173 77778099 13570076 217201132
32920434 10222292 84958270 102369597
82759228 49184761 53603707 288616105
59965729 73625810 78157835 243679321
61048914 80152120 86023549 285982504
86764931 58248418 925279 294401070
69161369 82736257 20245768 292299248
75475463 53678594 1398126 226785244
59814892 46974351 3153353 203006359
75853104 33040707 89967450 227855075
19195158 87868299 47404809 174469862
15771149 88762418 3392032 158647368
89848705 52957705 33814802 264035666
13779970 28021131 42346390 72553157
68768267 23044385 29725885 209880103
42711408 4678499 30643595 123216148
16208748 28986781 28596581 84591445
71863693 92693254 21005127 262466177
31628899 78388938 43187441 173515516
38083800 47633888 38731184 155050688
25460010 94064926 85932890 196193008
65095439 67993968 68956167 278416378
65159142 56165880 66742934 223613987
34702114 38544068 94555305 163824132
78010770 91013014 48285083 272205188
32625911 21935643 12599600 96368925
12896804 76486306 75753041 134536153
53523965 5203314 51337570 142729786
58661386 91474679 66335009 277326467
57355784 93093365 21013470 276809403
49652939 79299918 82150680 242353217
56755852 56277479 93412985 202219263
14832342 5182619 77732240 58841480
31197201 64691950 42058546 177963726
88892231 82024901 71080986 361268746
69112882 10473924 82057775 196006674
46138769 71040721 69937353 201826405
96573519 76847434 83339727 342177172
16843431 91370955 75258458 184477242
32000357 94243233 63594907 230940743
79878602 52876663 24203481 251030476
68724515 10917719 39666248 179006953
41707049 2610138 47683455 102721076
21184369 38367447 58619523 125263433
69901583 2319683 72038305 190407830
23384211 16717043 87052872 82903445
28327451 27750230 68660225 110025736
318666 27589476 48186437 48519719
88226274 18458212 31288683 255155351
57998516 91349017 29304260 273486544
14496592 35865315 56058681 87111887
37494879 42038385 14201936 145914220
58472296 15832046 38390078 149538021
45849896 21612836 96824716 169697188
6456548 8738218 7262051 26631644
53783400 79005248 85262010 235562182
66174946 48413765 69323030 245637962
30456209 49137434 2095484 147643465
79768031 98369553 40242678 340035834
38532004 32824241 42379247 130210023
13649415 56534048 65818779 115468140
28410944 28598193 52261772 114398229
43512095 24608013 77808056 160240274
93389481 74813680 20240560 300336566
55171771 73505623 32156305 219360303
77232024 98570986 9671723 333315715
12292199 55656631 19259385 110365986
48621412 88631677 73637934 229237493
72243906 49000504 51292919 225925575
81586355 34978119 21609492 268012718
44903825 34009659 60104768 174964171
3285293 3001116 41514383 20487669
32309625 36635201 66370616 145554766
8857333 33080997 84864632 74176720
89638843 90374796 100169254 344367294
40632218 83758616 72067308 200493034
88489072 96218611 80840370 355277265
88222482 62374078 86779965 337156543
92391799 92735409 96143941 392852171
62702262 13182190 45751431 186603864
56298684 55517267 24646563 222223610
44208398 49534896 82020140 176273696
16835325 92507481 6616274 177876852
3080798 44552272 62823516 77200900
40423847 99592635 44413732 236797762
51690218 42184771 43503044 198661621
30431839 1745922 86923790 83863078
69182900 31500815 24271040 224813141
35311453 2465135 48277832 84506211
16102764 95814949 49536286 169622077
89048752 75054979 51373433 302060746
36233041 32903124 83567011 160753289
69249545 5159589 82904169 204681170
73830589 31032826 42000903 198541652
91644351 100657400 15868676 374714742
100307266 3467138 80293123 267045974
27201224 21586778 64834248 104305515
15344079 41882943 24424505 95522530
50391539 13377048 3186614 143617757
63405027 49974829 55673433 225991864
26760031 87615800 43303660 193984272
45648814 46397461 35986040 164692980
16306638 42589664 1447220 85381493
87317872 70330416 56060756 308025431
58493967 53491895 18173246 189771894
47415374 94130791 51894348 230308891
14950426 16496451 16216943 59110740
77862160 66170072 94017943 288372967
74745343 17154457 86115695 232239174
83356779 25433054 70182720 234207913
44968611 55375171 63588862 199454590
24843027 44787827 8836247 116753609
66153673 99609895 30599782 305772148
14820744 98017090 21761634 185142635
88538914 6163446 49981549 194682485
6116726 78932340 14332984 131078851
72768747 19314056 81514415 198700014
60763956 19573668 79771849 188411331
81191959 68428951 11298858 274945821
5318617 52629230 100770613 91255070
75021127 101818850 69374696 323966670
43275513 789610 53880055 118702996
105173153 44181187 31392792 269442385
16223890 93583656 12539498 147798549
27117221 95537826 67052176 180302875
104216777 105523506 26359281 374115482
13512746 103579504 97471697 187131090
68308321 58117850 83646495 231622063
90026114 56585343 51271493 266230198
101944785 42093712 73596200 285795547
19771256 60192098 51195894 133181782
10876138 22998240 11051554 56448079
51825389 91144042 3615568 268161801
65086411 104433307 67067582 276458424
79327452 67060624 13602990 246051834
69722272 38706920 75894534 223927253
10273067 53715294 86481575 121690629
63530479 11466718 40228027 180722239
22776065 24725156 57705042 101528905
94496143 40912094 80054429 311743803
30972893 9507327 86629846 95053197
75205008 71462677 2151206 259259755
83002448 99564153 27799755 302506011
5134148 86692228 103683157 153125292
107900152 18915701 2467906 291513986
11206772 16918211 104766769 77920405
35801332 48804122 106237906 177514138
2728088 868552 36356137 14343848
53855182 41550847 11411830 174273818
66650369 73128357 30535129 265482426
21606903 98053688 23489177 185338764
47996689 106600638 84281818 292411750
28211793 17567320 73767114 90802444
40603989 5196272 37402287 110458247
86301361 78016717 100648599 313517449
65327405 59799741 36212363 237810107
21127769 76149481 94571218 186698936
64479055 91438437 32276911 245937572
108169153 11439217 58025775 291136981
67755693 75514530 55897667 256324203
80584634 50108293 53440026 247826491
80240934 57939654 87071838 300186016
66064077 40844708 101359082 203013912
35448966 34644001 9924880 118917509
33023896 98743901 46360342 199485875
78607925 61812496 60952192 245385511
49756458 66712688 89997033 204454719
39062390 10932161 2985668 95177132
68346922 87328700 71070659 266057511
64205651 63915904 23232307 247685331
61227528 31454973 9388996 195779360
3733708 90199228 98013353 167359269
44845663 80065591 49472374 226710221
18644134 51787673 107363640 121309413
102478266 30944525 56127443 282379286
51484309 76364008 35832139 221364964
101731372 23676060 37413625 289322364
28884632 74345402 60455862 163934668
54519835 81551478 46283938 260781993
39193690 31812157 16560621 152488343
94728573 111672838 11087955 381457827
81063540 27510716 104773318 225742371
70912842 38441079 91781013 226326086
10914544 46265001 45011742 96625570
14801402 105871767 61589979 166643256
17140444 27511356 53249043 76764175
92522569 62788179 45542174 324903380
67495599 59103591 112131398 284050661
6079527 11997608 49970258 42958541
53337572 89415904 75458504 278309314
98457392 14563010 111762181 271941674
34279480 19102724 47117898 101088256
29350869 51038446 9931525 126634663
6537820 55655730 42495298 89403190
35357569 66642897 101239793 200320509
112642683 106529556 109264415 444324534
13588253 78803396 11608514 156066509
93208522 64888969 84790938 289824706
42301586 12504619 83615200 134531709
93144945 51761546 4966664 263021094
109077217 91638286 99373526 398034491
91018172 35561103 56120959 235998129
8797214 30452097 18154282 62283541
6655123 97578399 2337994 136482061
73012167 73654013 19809945 252574600
82913281 27316914 107439512 249571793
109624544 20734097 112421929 266966380
14420805 35882680 12474019 79076720
2828043 29322265 53795883 51535978
10222535 67018468 44584638 129224885
100098093 65506626 30986562 363250293
35648846 8803827 94609074 105908156
90934690 33393280 44740151 245517607
21355502 59723788 31896397 150728016
50815242 21594736 96698087 156520027
87163988 59540194 54606593 313750992
11921139 9790345 101412731 60825150
75062965 75780978 73790078 309565046
69658155 18108383 78881444 177588034
20912779 81293878 25225657 173438972
77596972 102135705 61011939 347332565
114026218 37192391 42326609 306067494
89116372 81467065 95387932 369296483
97079960 116052948 18605857 368770329
74237943 80262589 66310479 280737572
66142360 10803617 89622437 190300368
11897279 89787918 10346532 153352605
22784528 20575828 12703 76819082
101903082 34968044 8322567 291841874
78072889 13471915 111141000 204651306
48191620 6291921 38157371 121196210
104722627 63732473 86085721 314172327
9990431 108761222 90434292 170116283
107622726 79168812 53508004 404565434
17461266 105182973 60969555 190025121
46924508 70957047 107431463 250630734
38798623 2961863 14839452 100982612
94316874 65171539 87692708 338603979
2716397 71554452 41485524 100228421
107792679 84766791 110603588 381926019
43361469 83403627 423001 196597822
73141888 76097991 113197361 310570220
86849300 78077979 81234148 357854430
4188499 36501771 108112237 88914865
45622784 41596972 67834309 165767561
52419363 40539930 57297029 194899463
37691996 34529086 56454720 150795331
74734363 6640168 66504837 205982319
69518572 97706274 102292455 331107188
65978616 23849061 97371968 184313304
70264820 117304451 70034060 363654507
55698656 76243839 78760584 231917478
15933834 101495847 57765700 191158367
105795735 43030718 29574731 274985846
27483207 44485403 9038915 136372451
9630716 58288803 68640742 109899583
116301117 6499599 7067322 278076219
111666215 29699839 95874210 343403983
113889842 119102365 41985807 430653162
43512930 4635346 34236967 125733133
108044 11468958 94110066 37822319
79278342 4653881 3918798 203723501
36479342 58954964 96390575 161115477
49797205 4392458 62159844 128654278
12880985 60353805 85261302 118585504
108854527 47617421 10160852 325010755
69882713 79642435 39839751 242628463
13692953 40831241 46609822 104804865
69812061 73871058 19241166 292570783
90927760 117713075 67884636 367560129
40878712 112659072 37125972 244817245
113473829 89802029 13972734 412570322
44096667 21615618 104205800 165840392
51020395 24213471 85379961 151077768
4499319 86709353 56389632 130070415
62570352 40409864 35182085 217715079
85748711 13168383 26557952 197091803
13392442 98328912 43503678 165125018
34696545 19297473 25708932 105611335
51015651 103703042 20690303 276446244
76760756 103855957 35027030 334790005
43626546 81185472 30271234 235736034
24637697 97245952 105880533 206659511
85011485 70929413 67491140 290209057
98276234 114316820 110960906 377021920
45816848 42348162 6920461 167704404
48196338 72097994 40733011 211535500
78181752 30715102 83635406 225555071
31340937 16428569 63971549 108322145
106928923 121643893 97489799 456200241
5106115 105458317 83215268 171466927
35480642 57320366 88082217 190710746
56200970 98450990 20476783 245713972
107297968 114238897 120353125 377989963
74544638 76727108 19402120 263376710
23322657 18527265 29127970 75256597
33014357 101439579 17280246 240100201
1832443 69725305 12953415 94000442
78314585 101181819 19659229 304886525
106701659 63113820 38855207 374254520
30543471 91284269 104531825 199899823
105290323 6371575 116177353 277993287
24589269 114361461 70109575 248650370
66266157 2469364 77843556 177541897
102395484 60627990 37510736 348763567
75395204 26491433 8813150 215007212
53889791 57708108 6243654 196354600
74117986 115505773 15384953 318758268
104178055 39819770 106673376 344401060
121159377 30886059 40133736 298303255
85861006 117120305 100015592 346923193
37501608 96619250 92645325 241203689
115537366 40457112 66708237 332042873
42181127 87514146 50247462 221089171
99913489 75773021 20067348 356063696
25551185 54857360 84414924 152814192
37445803 15972226 74939970 110889252
6283392 24744575 50258602 54686075
121298662 86758900 88023221 427202554
105262635 25246000 86489478 294592917
45806347 28516940 96224850 168204475
17661023 58746373 71479732 137013603
95084310 60205442 27596822 285674174
15057859 41031000 125724388 124754551
89240977 58400844 76379823 303199737
5303745 13370609 112938258 57801170
88297631 100522832 20552712 329653463
1708296 83189028 22204107 115528330
120130201 18237460 77887279 318944138
101862124 80878982 126019237 337463144
2703032 50337095 123764886 102284793
115985041 94962498 80768961 385998240
122070901 39953071 59217798 322228392
35923631 41473728 100686681 169833244
123981865 94363266 111214311 437627349
34802668 126573165 18541499 225574210
120419742 84412895 118613007 396722818
106266022 33583567 64125562 313574271
35681266 84273265 69767672 214954930
124623989 37869088 115094653 366042485
111589251 73719324 125470776 345671011
125055254 29260367 53846649 324497384
25099293 54213161 35979530 143358864
119692887 95259659 83303857 422354076
101763825 108736885 72974895 346892881
72955063 104641200 496435 327268521
88773584 90024493 1960097 304094234
56462454 103493389 47325297 280669754
64402801 65798628 73911479 260318937
121115440 41830522 98014286 355228145
29440656 117924396 105150793 253353366
95385603 71633114 126542500 341017360
8397813 43648615 56314221 79900952
70607173 120957091 56779018 371850219
86733099 63499144 36249762 294796073
46635343 52983336 82923456 185857295
94551606 60475213 123680739 326334276
75869657 82760397 1787090 308163212
102781811 64865851 47729580 317350123
86121898 114324372 6830444 327699074
86945483 88789867 100402160 300377850
15139129 56861212 126704618 142992604
118090468 25556984 19989288 314360946
18573866 111808006 45724749 191801066
14162614 109806039 3748175 194663040
21224533 42870996 54635352 102782626
14549443 124082410 1182978 193367132
125250617 118269328 3808471 471775298
40734343 122373021 90149698 279903317
39598246 71094845 57646855 205395722
82956327 10123633 92867095 209197893
28053085 9509429 54445612 98647417
121576719 39919269 7621351 321126418
32768747 73582632 42297039 182400953
105910248 7214924 126808660 263611082
60600162 96703685 27004604 239929054
26584419 64759992 125465980 172233230
121102540 51483077 3603252 331323026
19147192 84766013 116296599 165168094
125837910 125490279 71164510 448868822
73149258 33123654 9803326 192666655
64662407 83055387 65096108 274926139
5583508 52181081 111498339 103833619
18348700 110093647 18127036 210103235
1770465 24152088 3465109 37009279
124229283 102693207 29800259 440194479
76034758 7628670 42303892 206149038
115727554 58237565 129176576 328906302
2523931 70328892 71398671 109025140
77274837 43715507 91784257 228153161
122477149 50017247 13599615 307417819
119192817 92602544 2630479 397358916
11757601 81490834 45921369 148439492
12652032 19679137 2321739 52363981
120718673 104931093 62813794 447464482
4198382 110182209 69021687 180576990
112480180 53776896 33467924 323345176
69370809 77367734 64706106 281986366
17647210 67581212 103676289 141028711
83614619 107093398 42755981 377924822
120310405 100869707 115772891 411544741
102026074 115411646 43360863 421281385
33922722 68325933 127234398 191938982
97445243 42194591 103685986 287955008
16553980 102284006 69230456 169421558
10645224 39293578 42487838 81542349
113080756 123515906 60267117 481054161
68047257 104667434 87844142 349112602
101275438 105656830 113173749 404055907
7522324 90294647 93095457 143683283
50514456 35618177 15840032 160454975
55421209 111516009 87976829 317110705
117332082 80294147 74115816 395469242
76006208 67535522 111249250 292306138
113702229 21474023 64742972 289859113
75738895 115538519 123921806 333891494
101737193 24628578 117094517 298638131
28209633 64267353 31986792 168448257
60448281 116145244 128452648 330798774
118675764 8326114 17671190 279390044
78519701 95242919 19063463 324883203
106206671 97967165 54539258 396863643
128503232 28103595 64262469 305620796
61315122 72243534 90362149 280195992
47506 8214152 20771225 14149522
23685579 43392401 114501790 127967249
10731940 69518038 14821672 128450844
91191429 110546230 34437473 358495002
10381627 90032625 77370981 155367200
41024277 80149309 3394839 193451921
86495768 103494516 726029 324928583
73439779 71788697 101818246 284086685
9028385 104751074 11002794 142901826
68355652 87529882 80458697 315124680
81616471 105822924 44902264 316145596
107418823 69678656 52930790 332468634
81956780 5318228 102790710 193210857
127189876 97771973 43123400 448948203
130088884 102485978 82428367 469984654
23574262 130331819 23430049 241347581
93948281 97551607 133596873 367295660
59560902 104497357 63396165 322284732
74809593 91484646 134732043 305668559
79110162 6881884 100261662 222349651
15546192 120504266 91874812 236819953
60864359 112682354 117408597 335548365
87488790 17934867 130309417 243666988
35635220 102400488 35904812 232661544
98071796 64580139 16764140 310747965
40554004 88115760 38965793 243686827
65012507 11890188 128706230 181648305
130351196 118081758 7238164 415149439
128474451 50352679 1968786 402655734
83663946 13098718 103139588 258991092
75822384 128045081 50503703 383264900
6350714 50446204 670950 92258791
47182838 16141485 14961026 147235689
11323789 120341272 126348089 202492784
131380180 66173558 90751238 441688754
104191580 20318579 102381500 293119232
67924553 119901599 17453410 356855292
52033933 118610240 62963715 288578333
39584236 62857802 78388159 194616318
26514827 101534449 99705331 190293332
78881204 116080146 42480873 383752693
48668182 127683127 92891889 317890304
114605017 97761524 78696691 421286255
71473692 79130127 137315019 302546590
69546228 8395051 16135121 155321211
58170857 48162762 119362632 227729649
12706994 128102678 79828345 240823124
6140673 52170675 122834025 114607336
122352600 99290469 94893552 454429321
42115610 88107334 6577182 234294630
107523995 29680280 87345894 281297007
44259878 130570648 48526675 279496111
31037645 70123627 43084852 193485769
116693106 133230514 76451873 429856011
55241 17909973 139023150 56026716
31111870 129462271 42106466 273684097
28312096 123737792 114633492 233465963
24294801 138626366 94501422 285422661
3449249 66323055 25144724 96408543
141458139 43265753 70104911 403038104
12300628 32576043 124925275 86208029
18459954 67173741 61303852 145042540
32942788 83883644 62247910 200507864
54732456 102816410 71243067 261233908
24621039 117690490 30336156 231378895
119953079 8174778 60789215 331527188
65022065 80278658 11648976 288135439
80846252 49703277 27847994 262414205
73069253 118501705 113466501 336168859
74539062 121782305 77394296 365845270
119073376 103935336 46895945 394952802
44775221 121973901 45756267 283722211
75177371 1462975 120422966 176409111
98223049 46770737 140525500 351257114
111290323 20120943 2490129 277242765
127894343 117960046 83346784 506979408
140911902 83684138 135690219 511083353
49322389 137205191 10772124 291149734
82704870 62679355 112318569 294858154
27428496 33378909 115945016 121846765
118879412 97169623 126234648 421792219
101137738 15163528 59512139 268378047
13909386 79259249 15739568 152444298
88385870 61264625 93440926 269758380
55706758 139425420 82182267 314154712
120990554 106665965 107152763 490183171
15336843 125188535 127163520 249151252
23941355 14684677 49562697 94809376
62863072 137389660 112813022 329479493
126194175 47966978 28047934 376486865
101266417 34849745 111671220 305785108
48237074 123995959 2248509 278117542
88590735 50941496 133213634 304418529
17925630 89364176 45334900 154438239
49421611 63311068 19911820 180021292
21567291 100595128 5558495 163517763
103812484 27942955 82031234 292160939
111965408 79678819 52532123 400059300
5328137 62167713 116122654 115346599
5114844 15517973 136769129 53030692
51681844 144068470 22269911 292958472
66072371 10562683 65940665 160338293
14498721 18048275 33113087 59225166
126806295 22642453 50892175 297042715
69644105 86176773 49472423 317642980
63360952 22185975 141491264 222146732
4212019 143840804 105954598 218377093
112453026 6650118 78860416 301250255
33074992 28579818 77129178 132349580
99847899 80660926 113679261 357166733
2652853 145693286 138919278 211408741
23545394 112500600 140222343 233421015
103764236 143763462 13256807 401396627
70335682 132755824 112629597 351793340
82980916 87143177 61308904 330716323
81667195 30173835 49587990 240015079
10011231 126414541 113788320 207815548
1999799 81054127 24134028 128015622
101095175 141030702 64716859 464127670
80697610 49034731 132068101 262484930
74299970 140009071 107217249 359758712
67447153 95513357 24302811 304522361
39961136 24650627 137464949 149073062
87967804 126174961 147348834 378431843
81220429 15916245 115537786 237447604
1012671 2978450 51672945 16705773
4168139 122397147 101557447 179276934
339376 134486576 140844162 208110129
44903604 26572904 50823216 137644434
70461382 49804292 61615275 242238302
81983945 72756618 87094464 307920609
99771844 43022091 46368154 325488268
146237391 48283185 74784788 417971348
117863114 146342068 105482556 449429264
147273692 86102790 30186847 497817472
5746369 103195781 38969398 169200990
48930470 6298025 117753204 127595132
8207027 39644140 6140695 76207609
125550516 16449265 52214819 303084647
124912880 64580850 74969620 341205092
62791415 48229219 17524940 191300368
83523138 55942185 51125368 272290142
55624949 133113799 6272536 295469518
147927799 37657139 34648828 383108224
44590197 63852688 63715578 176021003
39078045 86053173 83466199 204581163
18420308 78049248 61440727 169207530
49649568 89864120 101419075 254016762
149369275 125655705 66362316 518732853
47812034 31668001 59820652 178382512
6121286 135695714 150429630 243616088
81659122 140913789 94929045 350185691
58071441 125082700 27017877 278294195
5984762 148077361 56759882 236850200
109822883 79908681 3934402 370865327
117672576 87118205 91541690 420633572
70851660 32534365 87777971 243980633
132996670 141289604 94848690 574036942
42946895 39817780 10845209 151899805
90213199 82886344 149227059 365424156
64740016 107374751 125484533 331591680
131153386 120695238 5761770 514362730
46893165 143370885 98254137 280807376
89109974 142944927 112112526 393215881
17223031 64401031 129846880 155828776
11140212 3632792 30878472 41023212
69992736 62618218 34901160 223907593
38989878 47237962 31732613 165701948
57910484 9930630 78623039 156481982
86173967 24210693 96598220 240138512
23930137 68691144 34701329 156180428
98531037 91059649 65820568 340664759
116254937 33360382 144803335 349943636
42599310 139539859 122818816 276909044
138501969 12230398 51895388 340242737
26044040 4375344 75683916 88427113
4391178 45352439 87638548 84437995
73096777 84131720 74619779 285761191
106578974 120718345 132365955 480033436
36748489 93085269 73206158 212907077
20262739 98701591 49954738 196412001
18669693 7216289 138392940 84947569
9938797 15270011 63761531 53199266
9712059 82185678 64316805 152513326
146702666 40438694 80196926 442906410
120777146 78135080 18462459 408530232
37936603 19237602 92970452 125236855
36819202 36382115 130371910 175845985
69835800 111524909 139543895 347896717
76180227 49763409 54236454 253715820
141680754 63683113 12587042 366351944
84936709 54909516 52487363 286245039
109569643 101091393 58736205 425790030
20268715 101916933 67532454 211882740
11880721 116373798 90012065 199572042
79443307 42513794 106467022 261873593
38541108 69079198 145259686 191088653
119835389 101896963 32918809 455381793
88734435 54655147 48129774 274010550
26290498 104749598 3567975 197226253
49586263 86734007 29926526 249392655
79465157 146929368 23514306 400971955
101122233 145856056 53103624 464675402
94961772 91148981 93545047 330807799
71400310 152410405 30396213 356034874
49706199 138051644 124688148 316070804
32974650 27980900 58332957 117744187
112097465 76415594 82216795 382346092
151854926 50240418 128278469 397451253
53990298 18602913 79302485 180504897
21281139 17643169 70412743 88427980
107952382 143799149 19595106 401623564
116940224 16920938 60660368 339138001
35269561 137671531 156939664 278696497
33807036 134795381 13238636 263287161
119853388 10404807 48820683 323369126
150298470 99374786 151399856 534379342
138536704 81654941 29956443 381433294
34085842 44409945 52599486 130644634
109424188 152792210 80146515 513385412
14416758 340037 125027836 62860476
45396079 144286510 135207305 353085240
87654088 10865648 42199533 200309811
74944437 98018796 102411564 364256180
142645834 134842364 72900985 492834560
122852693 3484039 87079065 269340364
11195923 102194507 61752445 187220965
123810386 110282134 109846874 430553960
100912269 21005026 30147553 240342924
40486283 47774583 59478989 175219253
69864641 82243574 75289368 291867171
105864272 37115942 35856223 282938629
34791133 98751236 132448266 246954019
157777789 52650322 2418580 408855233
106248319 82906519 51523260 336593406
158159609 138694467 93413586 556283760
117906385 81353550 3794574 381940675
50555284 40010151 94835227 191278069
35146772 68879537 154211578 224178814
14529575 10399953 7319535 46246961
130326181 110485008 6666362 473477648
141126612 71041656 129693917 416981721
43026967 79896364 120959596 245277931
29325695 142207817 89958797 294991412
53220231 23526702 128771413 163897110
135065913 159698215 144211179 497230411
84624162 57397058 149306513 331605607
894009 123644304 87401146 165013545
6046459 2486428 89588701 32369260
92421202 67125840 140843471 307694435
35455862 135485230 9836523 278668800
33355867 133671248 33887809 278148302
79934111 125483144 122957788 407699383
58710238 25394526 95082161 181250965
107515879 29828394 155257058 305756687
155460633 29052632 156545590 435157879
146430507 15851935 99856460 419237066
93471792 57688717 12097338 295963686
154815574 21356176 78286373 447325740
53477355 125357657 56970891 298842494
46978630 132524108 127308822 339254754
134939574 62911661 114272585 431279564
43239603 68711018 126792681 208281367
139692739 41555021 2725816 337028225
88392754 93137175 127265996 337425068
105005991 108258232 103672964 409919573
44383191 30606097 75827002 144593185
149082460 57153024 45788553 440985794
136999247 94729369 90301679 473292738
13842878 35711045 13088327 89942658
28938294 119245100 34191926 243072224
41723135 41640281 116600195 166000548
148509805 8373411 116564672 335137900
145946447 88414409 137294233 486449227
139995690 33558643 42688497 346891627
56712049 91181655 45950246 289599459
109694256 123104158 158330627 488054763
98973624 32480914 110572550 319170681
100030289 113611870 64483347 421155529
149161868 28524135 88142929 374034492
121020136 35094913 34095167 373270609
25936916 118585282 157334022 236624802
6836775 27138085 127638344 81731264
34237508 133267342 61086521 259907386
46226228 14836986 130650566 164547892
80925096 42100195 21084947 221010861
87982838 140252958 45244875 396610070
96202364 71053340 132147921 373563580
124797248 24277261 80688201 335175671
102516771 80128766 74980147 335160101
139747113 80704101 111005001 416582559
117241084 43230455 52614580 306762206
164006866 67468431 98168945 436849780
118654121 54188358 97204438 365190506
53709082 162410644 52801629 361544191
16826040 132745765 47406058 215085282
23696256 155586584 122703689 301296533
109943951 148500443 70424780 485045398
37658054 155647504 117999925 344768843
59794736 59220982 147277311 241729875
2255327 129170849 144786180 186347766
100353237 37841166 127755287 337568849
109288474 103029064 80922145 376544847
107505315 99966381 19555969 354056955
38473905 85339755 148320363 229946814
163866373 49307318 47677297 442095792
102148731 128346914 59438037 391137022
150437350 107087497 57455742 553235789
132229938 166939034 81684443 550159463
94871307 128752402 45956674 356984106
108910615 141316351 76213071 458953469
51405099 20239220 150008179 165666099
78382031 121575507 109073789 323981098
161241734 10647478 121000557 405317708
111526660 23486359 104256614 330722406
80150446 138382071 36854928 421804220
97333392 53891794 55464941 299612036
18282561 23721493 28295691 85016009
45342545 51267698 16612285 191613903
150082676 53095237 13142726 396482295
105234464 119036487 135442861 442200219
46905791 101135716 147170613 255814434
51731727 127733834 28332641 314852746
11532296 14601128 51363279 58716241
47191360 67384495 35133617 220579330
8204073 87947101 131923780 158528046
162319493 83449381 34380435 547012067
164086068 123656134 102180217 505826699
43047354 75462261 124484715 220400008
130189051 98615080 132559898 481837547
167163644 133080755 110598568 552835910
27170485 108062219 154085332 237348410
88304544 87732508 4635253 324859090
3261707 162106656 133576616 240295377
94258992 47843700 75890957 289828329
30450803 118154117 132726289 281468011
67352955 107993240 37718073 322286432
92981925 77754356 14443782 283625822
34732822 169342401 56156534 350168252
115212911 90216747 62747952 434281593
169374177 8645632 33236087 412832009
34704437 81821792 88217410 192813914
70098537 118054864 105818485 353082228
131695132 127787581 69989568 450634243
91886826 130085562 79555038 399781936
61848300 32331498 161930626 206202011
46934695 29019254 153091012 158051055
26337218 122198632 135879972 241976404
6200930 31173414 48454777 70904290
55567177 83709749 90403670 281842010
138656571 159575838 17425725 552526820
72513687 56712751 28472995 225680968
141048481 76636883 66081325 494481568
37587545 44402999 46315251 160622771
61047475 130019304 101279898 305629996
28718684 60608917 14365277 156824955
78957306 149361442 161241880 396237406
151982004 61820711 71777377 487632336
103317000 114616066 99648762 401819625
47969583 122971228 39538648 256915676
86835475 6323148 25184928 231946193
41244973 156559175 20255850 307090040
123153358 133641269 93704028 478594891
1396508 64736272 29369315 94374994
110133417 9918544 7307721 274698513
112437817 55861074 154478634 324309630
16937080 95290205 4380812 165223863
44584933 32753518 28645968 166136475
114050926 76946246 164533208 352897857
134370732 110665423 72774306 433566673
42883136 166518775 65255161 366116132
106038585 50413506 92239060 338959762
145556252 25994962 21898713 328101916
69988461 102202642 16282702 317727184
39278785 1667744 160054387 126671927
105129826 86798447 9263424 328694990
24684478 41792651 12498448 119046125
135327123 166889377 158680015 583641985
44384276 31225441 8542346 131189307
127504677 43109949 164576391 407657413
140682334 125371423 4922126 542036717
159609265 124277789 25660520 533949172
159463587 45283585 127321916 479409143
120709728 91528562 151253642 437077659
138866694 173302978 24731826 514705664
70644376 66414033 56617072 266872088
79912434 12640950 167396788 262543361
64808042 59659812 85284936 216428154
104363851 83359172 141219276 371325460
34502027 38960527 174562634 183960165
129850677 103909552 108234822 471386742
11751327 37721439 17931940 86816008
158696886 150252474 120185823 525364455
156024841 116436799 145134945 561323235
46746386 169278011 49675112 327132407
79275491 30626475 139990323 277843212
114688192 85010946 158287159 360017441
173148439 85933534 81526582 485634163
146638645 159086836 75920981 603092467
134286815 137316932 116798313 546550892
160344409 73842457 159885099 463993949
115195635 56054494 127382567 332303484
54326419 2070273 104561068 147377946
132105897 117902696 100833894 513642585
25990963 110042856 95248524 249647594
84111942 149441100 100107700 454590413
1290555 82419400 162660687 155608315
148536597 20360378 174142861 397327182
63923347 139302684 129145746 319422299
119209717 61634240 68625859 383407150
33816154 108921199 121565691 269942790
11127121 20946789 58239851 72026013
99742394 55167253 72370384 283903176
57988017 171428045 15633375 352390744
30082513 171228273 36860986 335513975
34590463 88081712 73724651 217215854
22740672 164904656 13443050 298452450
15995412 44270365 82788722 105029430
93887790 10713847 123525882 224509816
115751395 90654704 72655824 430099095
92507217 82736487 98730955 305563433
157502931 85464527 70080730 550675430
170675616 136866841 92728512 616972224
108987164 89910541 151524007 351244531
153017822 46385874 72927644 465267206
13954336 45527181 55017421 106362447
36430807 77481596 76501440 204235229
159929122 12268077 40466895 396886254
154877971 128097618 98535051 566960371
120760892 152056820 88477761 549660994
113611388 82697028 27540715 338942906
9992448 38827142 107968254 99257792
121585740 89185013 92190095 406558369
171807826 150067726 120068439 663863085
161984099 137539832 175770509 612191928
42501144 14718195 140683043 151705731
781733 158158098 163077900 221764196
27039677 87944019 66627892 170275411
43430606 112826451 126915546 295406232
43175539 115449411 98230887 269151345
29753316 132488049 97273972 266683368
100091725 80168447 116319763 388857587
156491540 79578529 101623502 508139489
63949409 171205907 74600055 352225366
87260304 120762323 131857394 372901004
121734657 25180695 96757975 292102445
178615616 156306466 97379571 653161538
74484018 71655745 87204180 258482374
98549291 143785317 50737304 421582755
149699683 93119803 157605605 552448562
169080991 153815815 113555404 569258347
105746108 89017477 144433835 371761883
148723827 119579184 115334802 545821924
137051297 88605464 154889736 514860183
162756038 13791204 93434532 381461129
75217192 118143848 141545238 347732680
27037596 147339505 129662503 299046138
129674837 128112823 173874538 519672685
143266751 51912439 34056582 439550656
108701222 94376363 37728180 425900503
107477837 92300524 165743893 393699890
99446070 7495519 110534644 275176601
127737934 181157517 175222339 560421403
179497862 55325477 44795475 552295932
23606121 13664590 143214712 94600272
47249956 72811598 33671130 214892005
90475419 20047197 80001973 220875676
60908551 115530941 4135986 288711799
138923752 75350549 167948514 424788639
105215814 45207070 148912222 316466322
181356414 174485856 164088496 619705345
55442542 77557167 48573550 251768417
75528920 23315713 81648605 194710431
179136023 83011694 83040937 596170062
49395249 26753277 108738744 163104763
31290107 52478162 87573880 142041345
48732807 153806153 141248582 328172107
136035533 159401760 146291815 567146899
111351669 170602100 92743978 450165754
147830101 171106822 31841709 638354917
166701867 17189971 173063596 440924968
84259249 34784524 85058997 285817832
90348869 61815566 181872372 331558589
65539032 18123170 122550314 183213095
157393414 86728213 41234564 536537650
100644626 110258977 183857757 368272776
52468448 148580314 158825526 346375727
39668888 97456314 164245610 228718898
177251747 51538187 62307528 530213262
44546516 119707653 29781730 287295116
180789495 118828863 78451182 633792631
125660875 75874797 147667066 442965567
28331972 82103785 159290322 196677147
109681564 174874142 7898009 454140387
103238969 169206464 166454400 440488130
161662230 165939959 146927526 636998553
12918751 1287573 59828752 47258219
171959277 14181027 82022284 418637434
93820570 37717070 144649292 323639996
74513365 16877081 131694212 238083893
3907096 148199274 88644465 243684358
58666989 62842896 13716226 243085682
165789281 148903033 118893560 586694636
47572428 20518971 159613044 181339085
157912468 133175368 42676692 583211684
99175880 128629152 13949309 357586136
108738810 137513274 156348019 514232865
80744589 113276645 113218496 316525273
21677315 36024508 142670085 114735953
182935265 96831266 55467241 620809445
15669039 49214600 124303275 124113186
151683133 65491851 5171155 454164701
38841271 53093387 61250793 173038266
22522329 121989213 170709195 261319346
87300741 35400809 76115729 253665962
142129605 59926061 15265178 382089104
137942175 166907787 38432977 600238588
169914471 26731732 152116033 405978332
173004731 118254366 157895180 524684895
184560204 152140685 161047828 742606410
159515139 121243513 67397969 501329959
123351498 62485116 58871715 420370739
81212611 121415224 122986085 410479500
20905530 10523124 68093292 75699909
168556792 177981822 46488250 628829397
183754801 126005249 126120069 574696764
9676342 52111587 54084784 102912344
99111001 168713409 69972964 492310518
177821949 114504143 60958425 620736045
21670747 152087486 162299114 311497908
56143795 89607211 134034787 252194409
171905010 172586081 153764353 655003289
125919850 130680658 133125405 457496631
67705442 88409213 38635137 304409568
28817470 79219973 115042383 177632393
10742081 123742001 40540848 200789642
19077177 180707551 97659970 274875255
163418042 111259586 52038670 548776082
36363610 140466443 97754699 258963643
79088174 59064793 132484496 303067746
143835025 85147501 79661865 473301465
96839864 38511340 112244606 300013467
59238839 24587003 67842438 178781999
163015360 88496601 3863988 528599280
112147044 148728199 154160732 536307791
47186411 122189177 120838619 305054903
109901567 161906394 176129450 561161872
35473011 60787833 34120055 171333630
65945865 93653507 34884887 315694548
76929545 86189523 125812082 287360138
129775293 119684193 147211372 465398314
174602721 185775592 8900427 655933356
147245110 17881985 37540326 362628030
94196953 119506329 152487618 433862257
98331068 87510046 8305456 345980529
139264159 37945505 110686581 430391315
31244064 49927480 169941969 153893333
4466151 109717571 186057577 204919313
69256206 151998286 140673834 404239156
45139011 49831587 9654464 189244414
158002280 123236421 109839466 506838947
150520183 73087158 19377536 398891333
36376539 119536576 162362377 270038165
82980191 42608850 167811308 297591012
159051229 160996547 179879665 633469119
20432155 160036937 24457033 240880647
109099319 184543398 997349 437301711
76773551 58033385 81250849 291946399
134410278 1531758 148047985 360511616
124945895 133143486 59689767 451206554
132043995 39288937 192482021 413010257
146179260 140884525 88169018 526948754
80874059 124737730 175630840 350083911
24019848 149214357 67265353 278431617
193528046 179734100 135135463 741611267
66820005 122463847 108482368 355965690
62238548 185713048 162941333 377739295
109501401 51398481 154404949 326511082
191875054 101542420 189715681 672598197
125383257 84905661 28291388 400544428
63632945 84140482 92550377 301479488
102898862 162885430 53662817 505015283
99112197 51419409 192869285 371594706
85704747 56653698 99030911 310045668
12124578 4273137 118965477 62604027
162018245 148185 193536107 437172714
55124378 51034145 81549905 234440982
41000360 458652 83949769 110820585
63564035 93380141 108399304 285552673
47032073 48484146 10624977 191307321
192132133 157677752 22447486 665557390
150813627 451305 162561950 338638732
84237669 66706588 86970272 296202992
132147346 91409018 16185266 444835621
87760554 120413445 137070716 427428577
127646019 161645880 191911359 564283070
176794720 11302359 141177360 505803580
75439952 22258325 125115953 241057065
96566368 89872846 110824720 378081120
137437194 119628352 145892452 517674434
8016163 148474582 57191229 226267179
121422564 129551183 183823466 439996131
165690411 137053251 158226252 544880577
86862424 22584366 78468865 261047668
166792570 31618403 170504008 468926161
55713379 159671039 71805194 323332383
135002619 40770531 114798508 391529298
130814356 150221472 96432265 541403756
161078077 29380694 191079753 432807158
17972724 196018065 60994240 279225742
63306786 38222372 81587858 229327830
147436347 38340368 45743588 396646240
17087699 90511470 23847895 171152300
136874858 120187914 152107678 473139253
86672257 81116524 173244535 317531617
45074472 168009818 193098885 350303462
89905184 6457648 139281813 249299128
59282059 109931488 56440518 271063496
99359709 52318733 50209616 296973304
21115478 12499933 42961918 80566291
150568554 102453868 304714 524464848
58588212 105450424 129947508 266104947
148108253 63475116 117750388 463064761
76877860 36328560 129305716 253745787
24500555 78065022 180965039 200478889
66799112 117982994 191654986 377307026
58151038 138563539 139086302 341430061
71523159 40975349 157705306 280103783
110951182 52535211 165623539 337017310
86916656 97835085 80845002 345881229
173426503 171528819 108847747 685789172
23554801 86618332 126023735 171297766
85919498 155397838 46794259 399505570
108994062 54210985 81453849 328527177
131352530 62056367 123809775 382757641
163871570 130247564 170133650 515874024
60821885 141001460 79781574 349090321
22829385 130398604 111727192 252669266
